0 0.0140625 0.0 0.2765625 0.0859375
13 0.4078125 0.0 0.9421875 0.1046875
19 0.9953125 0.0 1.0 0.1453125
20 0.0046875 0.2203125 0.2828125 0.3703125
20 0.0078125 0.3484375 0.2421875 0.5609375
20 0.0046875 0.5265625 0.2609375 0.7109375
20 0.0046875 0.6921875 0.1328125 0.9328125
17 0.2640625 0.2578125 0.8828125 0.5671875
17 0.3296875 0.0109375 0.9171875 0.3296875
17 0.2546875 0.4640625 0.7953125 0.8671875
17 0.0796875 0.7390625 0.7703125 1.0
2 0.1578125 0.9984375 0.5890625 1.0
1 0.9703125 0.3296875 1.0 0.5703125
1 0.9640625 0.5296875 1.0 0.6984375
3 0.9515625 0.8765625 1.0 1.0
3 0.9953125 0.5328125 1.0 0.7796875
