13 0.0 0.0 0.0421875 0.1046875
19 0.0953125 0.0 0.3953125 0.1453125
4 0.3890625 0.0 0.6484375 0.1171875
12 0.7203125 0.0 1.0 0.1109375
17 0.0 0.0109375 0.0171875 0.3296875
1 0.1046875 0.1578125 0.6609375 0.3671875
1 0.0703125 0.3296875 0.6453125 0.5703125
1 0.0640625 0.5296875 0.5015625 0.6984375
3 0.0515625 0.8765625 0.6109375 1.0
3 0.1015625 0.6046875 0.6203125 0.8828125
3 0.0953125 0.5328125 0.6296875 0.7796875
14 0.7046875 0.1546875 1.0 0.4046875
14 0.7765625 0.3828125 1.0 0.5765625
14 0.6921875 0.4390625 1.0 0.8453125
7 0.7203125 0.7640625 1.0 1.0
7 0.8671875 0.9140625 1.0 1.0
