6 0.0 0.0953125 0.0984375 0.3734375
6 0.0 0.3359375 0.0828125 0.5765625
13 0.0 0.5796875 0.0484375 0.8296875
13 0.0 0.8171875 0.0421875 1.0
19 0.1359375 0.2578125 0.4078125 0.7015625
19 0.4078125 0.2796875 0.6734375 0.6703125
19 0.0953125 0.6453125 0.3953125 1.0
4 0.3890625 0.6140625 0.6484375 1.0
16 0.6984375 0.1171875 1.0 0.3609375
16 0.7203125 0.3109375 1.0 0.5859375
16 0.7140625 0.5703125 1.0 0.7421875
12 0.7078125 0.7046875 1.0 0.8640625
12 0.7203125 0.7890625 1.0 1.0
17 0.0 0.9109375 0.0171875 1.0
